algo,M,K,N,time
mkl,500,1,500,0.023026
mkl,500,10,500,0.022802
mkl,500,50,500,0.021698
mkl,500,100,500,0.021643
mkl,500,500,500,0.023597
mkl,500,1000,500,0.023358
mkl,500,1500,500,0.025448
mkl,500,2000,500,0.025639
mkl,500,2500,500,0.022551
mkl,500,3000,500,0.023645
mkl,500,3500,500,0.024922
mkl,500,4000,500,0.025758
mkl,500,4500,500,0.026559
mkl,500,5000,500,0.024428
mkl,500,5500,500,0.024717
mkl,500,6000,500,0.025345
mkl,500,6500,500,0.026745
mkl,500,7000,500,0.027588
mkl,500,7500,500,0.028279
mkl,500,8000,500,0.025651
mkl,1000,1,1000,0.023061
mkl,1000,10,1000,0.022308
mkl,1000,50,1000,0.022322
mkl,1000,100,1000,0.024980
mkl,1000,500,1000,0.023600
mkl,1000,1000,1000,0.026314
mkl,1000,1500,1000,0.024626
mkl,1000,2000,1000,0.027110
mkl,1000,2500,1000,0.027537
mkl,1000,3000,1000,0.030305
mkl,1000,3500,1000,0.031255
mkl,1000,4000,1000,0.030135
mkl,1000,4500,1000,0.034797
mkl,1000,5000,1000,0.031192
mkl,1000,5500,1000,0.031806
mkl,1000,6000,1000,0.034193
mkl,1000,6500,1000,0.035801
mkl,1000,7000,1000,0.036808
mkl,1000,7500,1000,0.035147
mkl,1000,8000,1000,0.037903
mkl,1500,1,1500,0.029143
mkl,1500,10,1500,0.024656
mkl,1500,50,1500,0.025955
mkl,1500,100,1500,0.023731
mkl,1500,500,1500,0.026310
mkl,1500,1000,1500,0.029529
mkl,1500,1500,1500,0.028150
mkl,1500,2000,1500,0.031522
mkl,1500,2500,1500,0.034210
mkl,1500,3000,1500,0.035749
mkl,1500,3500,1500,0.039822
mkl,1500,4000,1500,0.038623
mkl,1500,4500,1500,0.041503
mkl,1500,5000,1500,0.044899
mkl,1500,5500,1500,0.045843
mkl,1500,6000,1500,0.046096
mkl,1500,6500,1500,0.049073
mkl,1500,7000,1500,0.052557
mkl,1500,7500,1500,0.055477
mkl,1500,8000,1500,0.054858
mkl,2000,1,2000,0.024854
mkl,2000,10,2000,0.025472
mkl,2000,50,2000,0.025891
mkl,2000,100,2000,0.027360
mkl,2000,500,2000,0.026061
mkl,2000,1000,2000,0.032618
mkl,2000,1500,2000,0.033993
mkl,2000,2000,2000,0.035802
mkl,2000,2500,2000,0.040936
mkl,2000,3000,2000,0.044412
mkl,2000,3500,2000,0.048871
mkl,2000,4000,2000,0.052211
mkl,2000,4500,2000,0.056223
mkl,2000,5000,2000,0.060726
mkl,2000,5500,2000,0.063172
mkl,2000,6000,2000,0.068101
mkl,2000,6500,2000,0.071511
mkl,2000,7000,2000,0.075876
mkl,2000,7500,2000,0.080207
mkl,2000,8000,2000,0.083103
mkl,2500,1,2500,0.023219
mkl,2500,10,2500,0.025127
mkl,2500,50,2500,0.025099
mkl,2500,100,2500,0.026729
mkl,2500,500,2500,0.028736
mkl,2500,1000,2500,0.035941
mkl,2500,1500,2500,0.040814
mkl,2500,2000,2500,0.046924
mkl,2500,2500,2500,0.051562
mkl,2500,3000,2500,0.059019
mkl,2500,3500,2500,0.065446
mkl,2500,4000,2500,0.069527
mkl,2500,4500,2500,0.078193
mkl,2500,5000,2500,0.079873
mkl,2500,5500,2500,0.087871
mkl,2500,6000,2500,0.092257
mkl,2500,6500,2500,0.097921
mkl,2500,7000,2500,0.103833
mkl,2500,7500,2500,0.108697
mkl,2500,8000,2500,0.116220
mkl,3000,1,3000,0.025331
mkl,3000,10,3000,0.024179
mkl,3000,50,3000,0.024736
mkl,3000,100,3000,0.025591
mkl,3000,500,3000,0.031493
mkl,3000,1000,3000,0.041000
mkl,3000,1500,3000,0.048403
mkl,3000,2000,3000,0.056744
mkl,3000,2500,3000,0.066816
mkl,3000,3000,3000,0.074726
mkl,3000,3500,3000,0.083235
mkl,3000,4000,3000,0.089929
mkl,3000,4500,3000,0.097522
mkl,3000,5000,3000,0.108895
mkl,3000,5500,3000,0.115069
mkl,3000,6000,3000,0.123941
mkl,3000,6500,3000,0.130771
mkl,3000,7000,3000,0.139835
mkl,3000,7500,3000,0.146315
mkl,3000,8000,3000,0.154762
mkl,3500,1,3500,0.024340
mkl,3500,10,3500,0.023554
mkl,3500,50,3500,0.028929
mkl,3500,100,3500,0.028466
mkl,3500,500,3500,0.034927
mkl,3500,1000,3500,0.049613
mkl,3500,1500,3500,0.057735
mkl,3500,2000,3500,0.068045
mkl,3500,2500,3500,0.083308
mkl,3500,3000,3500,0.088768
mkl,3500,3500,3500,0.103892
mkl,3500,4000,3500,0.112460
mkl,3500,4500,3500,0.125796
mkl,3500,5000,3500,0.137182
mkl,3500,5500,3500,0.145914
mkl,3500,6000,3500,0.160349
mkl,3500,6500,3500,0.170772
mkl,3500,7000,3500,0.180779
mkl,3500,7500,3500,0.192781
mkl,3500,8000,3500,0.207637
mkl,4000,1,4000,0.027676
mkl,4000,10,4000,0.023681
mkl,4000,50,4000,0.027499
mkl,4000,100,4000,0.028447
mkl,4000,500,4000,0.038099
mkl,4000,1000,4000,0.055012
mkl,4000,1500,4000,0.067525
mkl,4000,2000,4000,0.082113
mkl,4000,2500,4000,0.093782
mkl,4000,3000,4000,0.106544
mkl,4000,3500,4000,0.121731
mkl,4000,4000,4000,0.133995
mkl,4000,4500,4000,0.155097
mkl,4000,5000,4000,0.162060
mkl,4000,5500,4000,0.174594
mkl,4000,6000,4000,0.189647
mkl,4000,6500,4000,0.202603
mkl,4000,7000,4000,0.216848
mkl,4000,7500,4000,0.236168
mkl,4000,8000,4000,0.244662
mkl,4500,1,4500,0.025235
mkl,4500,10,4500,0.026981
mkl,4500,50,4500,0.026269
mkl,4500,100,4500,0.031573
mkl,4500,500,4500,0.041334
mkl,4500,1000,4500,0.063759
mkl,4500,1500,4500,0.075595
mkl,4500,2000,4500,0.096218
mkl,4500,2500,4500,0.114695
mkl,4500,3000,4500,0.128512
mkl,4500,3500,4500,0.147751
mkl,4500,4000,4500,0.164843
mkl,4500,4500,4500,0.181246
mkl,4500,5000,4500,0.199137
mkl,4500,5500,4500,0.214896
mkl,4500,6000,4500,0.232739
mkl,4500,6500,4500,0.247387
mkl,4500,7000,4500,0.267730
mkl,4500,7500,4500,0.290137
mkl,4500,8000,4500,0.298036
mkl,5000,1,5000,0.025731
mkl,5000,10,5000,0.026630
mkl,5000,50,5000,0.029748
mkl,5000,100,5000,0.029731
mkl,5000,500,5000,0.048899
mkl,5000,1000,5000,0.070047
mkl,5000,1500,5000,0.088841
mkl,5000,2000,5000,0.109780
mkl,5000,2500,5000,0.134445
mkl,5000,3000,5000,0.153557
mkl,5000,3500,5000,0.177068
mkl,5000,4000,5000,0.195009
mkl,5000,4500,5000,0.216732
mkl,5000,5000,5000,0.241727
mkl,5000,5500,5000,0.257938
mkl,5000,6000,5000,0.280982
mkl,5000,6500,5000,0.298051
mkl,5000,7000,5000,0.323423
mkl,5000,7500,5000,0.346177
mkl,5000,8000,5000,0.361457
mkl,5500,1,5500,0.029012
mkl,5500,10,5500,0.025459
mkl,5500,50,5500,0.029295
mkl,5500,100,5500,0.032630
mkl,5500,500,5500,0.052914
mkl,5500,1000,5500,0.083676
mkl,5500,1500,5500,0.103158
mkl,5500,2000,5500,0.131239
mkl,5500,2500,5500,0.158979
mkl,5500,3000,5500,0.182033
mkl,5500,3500,5500,0.208514
mkl,5500,4000,5500,0.228546
mkl,5500,4500,5500,0.258990
mkl,5500,5000,5500,0.285683
mkl,5500,5500,5500,0.309303
mkl,5500,6000,5500,0.334813
mkl,5500,6500,5500,0.357990
mkl,5500,7000,5500,0.384435
mkl,5500,7500,5500,0.411634
mkl,5500,8000,5500,0.437294
mkl,6000,1,6000,0.028343
mkl,6000,10,6000,0.028370
mkl,6000,50,6000,0.032313
mkl,6000,100,6000,0.035161
mkl,6000,500,6000,0.059759
mkl,6000,1000,6000,0.091689
mkl,6000,1500,6000,0.119101
mkl,6000,2000,6000,0.151450
mkl,6000,2500,6000,0.185912
mkl,6000,3000,6000,0.210454
mkl,6000,3500,6000,0.241242
mkl,6000,4000,6000,0.268541
mkl,6000,4500,6000,0.300554
mkl,6000,5000,6000,0.336560
mkl,6000,5500,6000,0.359022
mkl,6000,6000,6000,0.392878
mkl,6000,6500,6000,0.422219
mkl,6000,7000,6000,0.453838
mkl,6000,7500,6000,0.487551
mkl,6000,8000,6000,0.512888
mkl,6500,1,6500,0.034333
mkl,6500,10,6500,0.029470
mkl,6500,50,6500,0.034494
mkl,6500,100,6500,0.041019
mkl,6500,500,6500,0.062543
mkl,6500,1000,6500,0.104048
mkl,6500,1500,6500,0.133070
mkl,6500,2000,6500,0.173969
mkl,6500,2500,6500,0.214500
mkl,6500,3000,6500,0.242223
mkl,6500,3500,6500,0.280842
mkl,6500,4000,6500,0.312982
mkl,6500,4500,6500,0.352151
mkl,6500,5000,6500,0.392609
mkl,6500,5500,6500,0.419638
mkl,6500,6000,6500,0.460728
mkl,6500,6500,6500,0.490947
mkl,6500,7000,6500,0.531558
mkl,6500,7500,6500,0.571849
mkl,6500,8000,6500,0.598592
mkl,7000,1,7000,0.032215
mkl,7000,10,7000,0.029948
mkl,7000,50,7000,0.035090
mkl,7000,100,7000,0.037143
mkl,7000,500,7000,0.070486
mkl,7000,1000,7000,0.116774
mkl,7000,1500,7000,0.151555
mkl,7000,2000,7000,0.195020
mkl,7000,2500,7000,0.241576
mkl,7000,3000,7000,0.274008
mkl,7000,3500,7000,0.317400
mkl,7000,4000,7000,0.354402
mkl,7000,4500,7000,0.399709
mkl,7000,5000,7000,0.445993
mkl,7000,5500,7000,0.476102
mkl,7000,6000,7000,0.524751
mkl,7000,6500,7000,0.557741
mkl,7000,7000,7000,0.600410
mkl,7000,7500,7000,0.647218
mkl,7000,8000,7000,0.680714
mkl,7500,1,7500,0.032338
mkl,7500,10,7500,0.030297
mkl,7500,50,7500,0.034707
mkl,7500,100,7500,0.040166
mkl,7500,500,7500,0.076827
mkl,7500,1000,7500,0.131814
mkl,7500,1500,7500,0.169387
mkl,7500,2000,7500,0.222951
mkl,7500,2500,7500,0.275195
mkl,7500,3000,7500,0.313646
mkl,7500,3500,7500,0.367559
mkl,7500,4000,7500,0.404661
mkl,7500,4500,7500,0.457069
mkl,7500,5000,7500,0.508720
mkl,7500,5500,7500,0.547495
mkl,7500,6000,7500,0.600539
mkl,7500,6500,7500,0.641183
mkl,7500,7000,7500,0.694943
mkl,7500,7500,7500,0.744513
mkl,7500,8000,7500,0.781977
mkl,8000,1,8000,0.035409
mkl,8000,10,8000,0.033444
mkl,8000,50,8000,0.038744
mkl,8000,100,8000,0.040992
mkl,8000,500,8000,0.084071
mkl,8000,1000,8000,0.145820
mkl,8000,1500,8000,0.189202
mkl,8000,2000,8000,0.247724
mkl,8000,2500,8000,0.308745
mkl,8000,3000,8000,0.351825
mkl,8000,3500,8000,0.412518
mkl,8000,4000,8000,0.457312
mkl,8000,4500,8000,0.517463
mkl,8000,5000,8000,0.575334
mkl,8000,5500,8000,0.619730
mkl,8000,6000,8000,0.679027
mkl,8000,6500,8000,0.726986
mkl,8000,7000,8000,0.788194
mkl,8000,7500,8000,0.843656
mkl,8000,8000,8000,0.884138
mkl,500,1,250,0.021969
mkl,500,10,250,0.022995
mkl,500,50,250,0.022057
mkl,500,100,250,0.021561
mkl,500,500,250,0.023878
mkl,500,1000,250,0.025715
mkl,500,1500,250,0.022453
mkl,500,2000,250,0.024744
mkl,500,2500,250,0.022645
mkl,500,3000,250,0.024171
mkl,500,3500,250,0.026038
mkl,500,4000,250,0.023038
mkl,500,4500,250,0.025542
mkl,500,5000,250,0.023010
mkl,500,5500,250,0.024924
mkl,500,6000,250,0.028869
mkl,500,6500,250,0.025675
mkl,500,7000,250,0.024354
mkl,500,7500,250,0.023174
mkl,500,8000,250,0.025293
mkl,1000,1,500,0.021738
mkl,1000,10,500,0.023541
mkl,1000,50,500,0.023623
mkl,1000,100,500,0.024945
mkl,1000,500,500,0.022226
mkl,1000,1000,500,0.024873
mkl,1000,1500,500,0.026869
mkl,1000,2000,500,0.024820
mkl,1000,2500,500,0.027509
mkl,1000,3000,500,0.026681
mkl,1000,3500,500,0.026727
mkl,1000,4000,500,0.025905
mkl,1000,4500,500,0.029050
mkl,1000,5000,500,0.028650
mkl,1000,5500,500,0.027986
mkl,1000,6000,500,0.030934
mkl,1000,6500,500,0.030488
mkl,1000,7000,500,0.029879
mkl,1000,7500,500,0.029227
mkl,1000,8000,500,0.029179
mkl,1500,1,750,0.023017
mkl,1500,10,750,0.022552
mkl,1500,50,750,0.021695
mkl,1500,100,750,0.024191
mkl,1500,500,750,0.023299
mkl,1500,1000,750,0.025053
mkl,1500,1500,750,0.026210
mkl,1500,2000,750,0.027394
mkl,1500,2500,750,0.028584
mkl,1500,3000,750,0.029313
mkl,1500,3500,750,0.030419
mkl,1500,4000,750,0.031718
mkl,1500,4500,750,0.032355
mkl,1500,5000,750,0.033944
mkl,1500,5500,750,0.035560
mkl,1500,6000,750,0.037227
mkl,1500,6500,750,0.036874
mkl,1500,7000,750,0.038745
mkl,1500,7500,750,0.039740
mkl,1500,8000,750,0.040420
mkl,2000,1,1000,0.025721
mkl,2000,10,1000,0.021862
mkl,2000,50,1000,0.025946
mkl,2000,100,1000,0.023685
mkl,2000,500,1000,0.025876
mkl,2000,1000,1000,0.028808
mkl,2000,1500,1000,0.027841
mkl,2000,2000,1000,0.030532
mkl,2000,2500,1000,0.033962
mkl,2000,3000,1000,0.036299
mkl,2000,3500,1000,0.036526
mkl,2000,4000,1000,0.039106
mkl,2000,4500,1000,0.040925
mkl,2000,5000,1000,0.039773
mkl,2000,5500,1000,0.043259
mkl,2000,6000,1000,0.044626
mkl,2000,6500,1000,0.045979
mkl,2000,7000,1000,0.047257
mkl,2000,7500,1000,0.050176
mkl,2000,8000,1000,0.051773
mkl,2500,1,1250,0.024918
mkl,2500,10,1250,0.021449
mkl,2500,50,1250,0.025484
mkl,2500,100,1250,0.027085
mkl,2500,500,1250,0.027913
mkl,2500,1000,1250,0.029167
mkl,2500,1500,1250,0.032245
mkl,2500,2000,1250,0.034499
mkl,2500,2500,1250,0.039192
mkl,2500,3000,1250,0.039548
mkl,2500,3500,1250,0.044089
mkl,2500,4000,1250,0.045368
mkl,2500,4500,1250,0.048860
mkl,2500,5000,1250,0.050323
mkl,2500,5500,1250,0.054072
mkl,2500,6000,1250,0.058769
mkl,2500,6500,1250,0.059191
mkl,2500,7000,1250,0.061718
mkl,2500,7500,1250,0.065426
mkl,2500,8000,1250,0.068644
mkl,3000,1,1500,0.023207
mkl,3000,10,1500,0.025577
mkl,3000,50,1500,0.025001
mkl,3000,100,1500,0.027134
mkl,3000,500,1500,0.026200
mkl,3000,1000,1500,0.033825
mkl,3000,1500,1500,0.035625
mkl,3000,2000,1500,0.038563
mkl,3000,2500,1500,0.043773
mkl,3000,3000,1500,0.047106
mkl,3000,3500,1500,0.053670
mkl,3000,4000,1500,0.056041
mkl,3000,4500,1500,0.061816
mkl,3000,5000,1500,0.064850
mkl,3000,5500,1500,0.070986
mkl,3000,6000,1500,0.072273
mkl,3000,6500,1500,0.075251
mkl,3000,7000,1500,0.083007
mkl,3000,7500,1500,0.084785
mkl,3000,8000,1500,0.090037
mkl,3500,1,1750,0.025276
mkl,3500,10,1750,0.024556
mkl,3500,50,1750,0.024703
mkl,3500,100,1750,0.027063
mkl,3500,500,1750,0.028015
mkl,3500,1000,1750,0.034702
mkl,3500,1500,1750,0.042282
mkl,3500,2000,1750,0.047005
mkl,3500,2500,1750,0.051193
mkl,3500,3000,1750,0.057171
mkl,3500,3500,1750,0.063880
mkl,3500,4000,1750,0.069330
mkl,3500,4500,1750,0.074806
mkl,3500,5000,1750,0.082803
mkl,3500,5500,1750,0.086018
mkl,3500,6000,1750,0.090946
mkl,3500,6500,1750,0.097413
mkl,3500,7000,1750,0.104316
mkl,3500,7500,1750,0.111702
mkl,3500,8000,1750,0.115777
mkl,4000,1,2000,0.024402
mkl,4000,10,2000,0.024408
mkl,4000,50,2000,0.023691
mkl,4000,100,2000,0.025324
mkl,4000,500,2000,0.031692
mkl,4000,1000,2000,0.040307
mkl,4000,1500,2000,0.047041
mkl,4000,2000,2000,0.050557
mkl,4000,2500,2000,0.060846
mkl,4000,3000,2000,0.064896
mkl,4000,3500,2000,0.073496
mkl,4000,4000,2000,0.079938
mkl,4000,4500,2000,0.089250
mkl,4000,5000,2000,0.093871
mkl,4000,5500,2000,0.099785
mkl,4000,6000,2000,0.109248
mkl,4000,6500,2000,0.114464
mkl,4000,7000,2000,0.122120
mkl,4000,7500,2000,0.132015
mkl,4000,8000,2000,0.135500
mkl,4500,1,2250,0.025620
mkl,4500,10,2250,0.024057
mkl,4500,50,2250,0.027887
mkl,4500,100,2250,0.028746
mkl,4500,500,2250,0.033768
mkl,4500,1000,2250,0.045085
mkl,4500,1500,2250,0.050690
mkl,4500,2000,2250,0.058904
mkl,4500,2500,2250,0.071899
mkl,4500,3000,2250,0.075344
mkl,4500,3500,2250,0.084840
mkl,4500,4000,2250,0.092482
mkl,4500,4500,2250,0.101981
mkl,4500,5000,2250,0.113126
mkl,4500,5500,2250,0.120001
mkl,4500,6000,2250,0.128567
mkl,4500,6500,2250,0.138973
mkl,4500,7000,2250,0.147473
mkl,4500,7500,2250,0.155469
mkl,4500,8000,2250,0.165020
mkl,5000,1,2500,0.025992
mkl,5000,10,2500,0.023365
mkl,5000,50,2500,0.027441
mkl,5000,100,2500,0.027359
mkl,5000,500,2500,0.033594
mkl,5000,1000,2500,0.046951
mkl,5000,1500,2500,0.056142
mkl,5000,2000,2500,0.068628
mkl,5000,2500,2500,0.081859
mkl,5000,3000,2500,0.088170
mkl,5000,3500,2500,0.102676
mkl,5000,4000,2500,0.111347
mkl,5000,4500,2500,0.124393
mkl,5000,5000,2500,0.132042
mkl,5000,5500,2500,0.142201
mkl,5000,6000,2500,0.154430
mkl,5000,6500,2500,0.163893
mkl,5000,7000,2500,0.177264
mkl,5000,7500,2500,0.187427
mkl,5000,8000,2500,0.197380
mkl,5500,1,2750,0.025459
mkl,5500,10,2750,0.023496
mkl,5500,50,2750,0.026956
mkl,5500,100,2750,0.027845
mkl,5500,500,2750,0.037888
mkl,5500,1000,2750,0.052363
mkl,5500,1500,2750,0.063040
mkl,5500,2000,2750,0.078489
mkl,5500,2500,2750,0.094026
mkl,5500,3000,2750,0.103933
mkl,5500,3500,2750,0.121646
mkl,5500,4000,2750,0.128692
mkl,5500,4500,2750,0.141315
mkl,5500,5000,2750,0.155948
mkl,5500,5500,2750,0.167213
mkl,5500,6000,2750,0.182119
mkl,5500,6500,2750,0.190740
mkl,5500,7000,2750,0.203651
mkl,5500,7500,2750,0.219842
mkl,5500,8000,2750,0.232112
mkl,6000,1,3000,0.026227
mkl,6000,10,3000,0.027183
mkl,6000,50,3000,0.026582
mkl,6000,100,3000,0.031704
mkl,6000,500,3000,0.039348
mkl,6000,1000,3000,0.057757
mkl,6000,1500,3000,0.070348
mkl,6000,2000,3000,0.085975
mkl,6000,2500,3000,0.103274
mkl,6000,3000,3000,0.116106
mkl,6000,3500,3000,0.133067
mkl,6000,4000,3000,0.146916
mkl,6000,4500,3000,0.163139
mkl,6000,5000,3000,0.181279
mkl,6000,5500,3000,0.191030
mkl,6000,6000,3000,0.207090
mkl,6000,6500,3000,0.223075
mkl,6000,7000,3000,0.238167
mkl,6000,7500,3000,0.252516
mkl,6000,8000,3000,0.267160
mkl,6500,1,3250,0.028041
mkl,6500,10,3250,0.026755
mkl,6500,50,3250,0.030253
mkl,6500,100,3250,0.030553
mkl,6500,500,3250,0.043652
mkl,6500,1000,3250,0.065713
mkl,6500,1500,3250,0.080383
mkl,6500,2000,3250,0.099332
mkl,6500,2500,3250,0.119923
mkl,6500,3000,3250,0.132114
mkl,6500,3500,3250,0.152592
mkl,6500,4000,3250,0.166988
mkl,6500,4500,3250,0.189121
mkl,6500,5000,3250,0.207701
mkl,6500,5500,3250,0.222303
mkl,6500,6000,3250,0.243567
mkl,6500,6500,3250,0.258816
mkl,6500,7000,3250,0.277221
mkl,6500,7500,3250,0.298334
mkl,6500,8000,3250,0.310595
mkl,7000,1,3500,0.028949
mkl,7000,10,3500,0.025907
mkl,7000,50,3500,0.032892
mkl,7000,100,3500,0.029132
mkl,7000,500,3500,0.046411
mkl,7000,1000,3500,0.070264
mkl,7000,1500,3500,0.088397
mkl,7000,2000,3500,0.108764
mkl,7000,2500,3500,0.134471
mkl,7000,3000,3500,0.149539
mkl,7000,3500,3500,0.175059
mkl,7000,4000,3500,0.189084
mkl,7000,4500,3500,0.213983
mkl,7000,5000,3500,0.235713
mkl,7000,5500,3500,0.255591
mkl,7000,6000,3500,0.274100
mkl,7000,6500,3500,0.295404
mkl,7000,7000,3500,0.317852
mkl,7000,7500,3500,0.340028
mkl,7000,8000,3500,0.357541
mkl,7500,1,3750,0.027402
mkl,7500,10,3750,0.025627
mkl,7500,50,3750,0.029658
mkl,7500,100,3750,0.032137
mkl,7500,500,3750,0.051492
mkl,7500,1000,3750,0.079560
mkl,7500,1500,3750,0.099468
mkl,7500,2000,3750,0.122402
mkl,7500,2500,3750,0.150814
mkl,7500,3000,3750,0.169810
mkl,7500,3500,3750,0.197296
mkl,7500,4000,3750,0.215243
mkl,7500,4500,3750,0.242676
mkl,7500,5000,3750,0.269238
mkl,7500,5500,3750,0.290803
mkl,7500,6000,3750,0.316452
mkl,7500,6500,3750,0.334330
mkl,7500,7000,3750,0.359975
mkl,7500,7500,3750,0.393043
mkl,7500,8000,3750,0.408850
mkl,8000,1,4000,0.027757
mkl,8000,10,4000,0.028727
mkl,8000,50,4000,0.029297
mkl,8000,100,4000,0.030772
mkl,8000,500,4000,0.054638
mkl,8000,1000,4000,0.086898
mkl,8000,1500,4000,0.105193
mkl,8000,2000,4000,0.136885
mkl,8000,2500,4000,0.166087
mkl,8000,3000,4000,0.187088
mkl,8000,3500,4000,0.218268
mkl,8000,4000,4000,0.243142
mkl,8000,4500,4000,0.269082
mkl,8000,5000,4000,0.300864
mkl,8000,5500,4000,0.320949
mkl,8000,6000,4000,0.358832
mkl,8000,6500,4000,0.374875
mkl,8000,7000,4000,0.407464
mkl,8000,7500,4000,0.437778
mkl,8000,8000,4000,0.459230
cake,500,1,500,0.000755
cake,500,10,500,0.000824
cake,500,50,500,0.000969
cake,500,100,500,0.001031
cake,500,500,500,0.001665
cake,500,1000,500,0.006193
cake,500,1500,500,0.002680
cake,500,2000,500,0.003114
cake,500,2500,500,0.004316
cake,500,3000,500,0.004569
cake,500,3500,500,0.005240
cake,500,4000,500,0.005957
cake,500,4500,500,0.006460
cake,500,5000,500,0.007060
cake,500,5500,500,0.007568
cake,500,6000,500,0.010258
cake,500,6500,500,0.009076
cake,500,7000,500,0.009693
cake,500,7500,500,0.010247
cake,500,8000,500,0.011052
cake,1000,1,1000,0.002268
cake,1000,10,1000,0.002453
cake,1000,50,1000,0.002888
cake,1000,100,1000,0.002775
cake,1000,500,1000,0.004056
cake,1000,1000,1000,0.005243
cake,1000,1500,1000,0.006274
cake,1000,2000,1000,0.007582
cake,1000,2500,1000,0.008944
cake,1000,3000,1000,0.010942
cake,1000,3500,1000,0.012337
cake,1000,4000,1000,0.014016
cake,1000,4500,1000,0.015552
cake,1000,5000,1000,0.016922
cake,1000,5500,1000,0.018166
cake,1000,6000,1000,0.020215
cake,1000,6500,1000,0.022076
cake,1000,7000,1000,0.023126
cake,1000,7500,1000,0.024067
cake,1000,8000,1000,0.035773
cake,1500,1,1500,0.003668
cake,1500,10,1500,0.003609
cake,1500,50,1500,0.003367
cake,1500,100,1500,0.004232
cake,1500,500,1500,0.006486
cake,1500,1000,1500,0.008521
cake,1500,1500,1500,0.010860
cake,1500,2000,1500,0.013998
cake,1500,2500,1500,0.016309
cake,1500,3000,1500,0.019400
cake,1500,3500,1500,0.022375
cake,1500,4000,1500,0.024954
cake,1500,4500,1500,0.026862
cake,1500,5000,1500,0.030362
cake,1500,5500,1500,0.032474
cake,1500,6000,1500,0.035920
cake,1500,6500,1500,0.037873
cake,1500,7000,1500,0.041154
cake,1500,7500,1500,0.043377
cake,1500,8000,1500,0.046939
cake,2000,1,2000,0.006050
cake,2000,10,2000,0.006921
cake,2000,50,2000,0.006837
cake,2000,100,2000,0.006367
cake,2000,500,2000,0.010880
cake,2000,1000,2000,0.014871
cake,2000,1500,2000,0.018546
cake,2000,2000,2000,0.023440
cake,2000,2500,2000,0.027755
cake,2000,3000,2000,0.031831
cake,2000,3500,2000,0.036686
cake,2000,4000,2000,0.040776
cake,2000,4500,2000,0.045736
cake,2000,5000,2000,0.049861
cake,2000,5500,2000,0.054351
cake,2000,6000,2000,0.059061
cake,2000,6500,2000,0.065249
cake,2000,7000,2000,0.067540
cake,2000,7500,2000,0.110462
cake,2000,8000,2000,0.076062
cake,2500,1,2500,0.009685
cake,2500,10,2500,0.009743
cake,2500,50,2500,0.010253
cake,2500,100,2500,0.010874
cake,2500,500,2500,0.015565
cake,2500,1000,2500,0.021121
cake,2500,1500,2500,0.026856
cake,2500,2000,2500,0.033692
cake,2500,2500,2500,0.039648
cake,2500,3000,2500,0.045961
cake,2500,3500,2500,0.052811
cake,2500,4000,2500,0.059003
cake,2500,4500,2500,0.065644
cake,2500,5000,2500,0.072199
cake,2500,5500,2500,0.078092
cake,2500,6000,2500,0.084283
cake,2500,6500,2500,0.091326
cake,2500,7000,2500,0.097377
cake,2500,7500,2500,0.104312
cake,2500,8000,2500,0.110584
cake,3000,1,3000,0.011745
cake,3000,10,3000,0.011719
cake,3000,50,3000,0.012052
cake,3000,100,3000,0.012529
cake,3000,500,3000,0.020049
cake,3000,1000,3000,0.028184
cake,3000,1500,3000,0.037444
cake,3000,2000,3000,0.046910
cake,3000,2500,3000,0.055660
cake,3000,3000,3000,0.064473
cake,3000,3500,3000,0.073946
cake,3000,4000,3000,0.082988
cake,3000,4500,3000,0.092777
cake,3000,5000,3000,0.101424
cake,3000,5500,3000,0.110692
cake,3000,6000,3000,0.120201
cake,3000,6500,3000,0.127939
cake,3000,7000,3000,0.217881
cake,3000,7500,3000,0.147377
cake,3000,8000,3000,0.156781
cake,3500,1,3500,0.016001
cake,3500,10,3500,0.016426
cake,3500,50,3500,0.015436
cake,3500,100,3500,0.016550
cake,3500,500,3500,0.026532
cake,3500,1000,3500,0.037459
cake,3500,1500,3500,0.049401
cake,3500,2000,3500,0.062007
cake,3500,2500,3500,0.073883
cake,3500,3000,3500,0.085864
cake,3500,3500,3500,0.098502
cake,3500,4000,3500,0.110112
cake,3500,4500,3500,0.165523
cake,3500,5000,3500,0.136131
cake,3500,5500,3500,0.148562
cake,3500,6000,3500,0.161505
cake,3500,6500,3500,0.172894
cake,3500,7000,3500,0.216450
cake,3500,7500,3500,0.197851
cake,3500,8000,3500,0.209040
cake,4000,1,4000,0.022297
cake,4000,10,4000,0.022139
cake,4000,50,4000,0.025042
cake,4000,100,4000,0.026634
cake,4000,500,4000,0.035850
cake,4000,1000,4000,0.049616
cake,4000,1500,4000,0.064830
cake,4000,2000,4000,0.080675
cake,4000,2500,4000,0.095158
cake,4000,3000,4000,0.110497
cake,4000,3500,4000,0.126766
cake,4000,4000,4000,0.141763
cake,4000,4500,4000,0.157870
cake,4000,5000,4000,0.172536
cake,4000,5500,4000,0.187957
cake,4000,6000,4000,0.300488
cake,4000,6500,4000,0.351316
cake,4000,7000,4000,0.234748
cake,4000,7500,4000,0.249912
cake,4000,8000,4000,0.265158
cake,4500,1,4500,0.026394
cake,4500,10,4500,0.026125
cake,4500,50,4500,0.026632
cake,4500,100,4500,0.026143
cake,4500,500,4500,0.043431
cake,4500,1000,4500,0.061635
cake,4500,1500,4500,0.080124
cake,4500,2000,4500,0.100933
cake,4500,2500,4500,0.120558
cake,4500,3000,4500,0.139923
cake,4500,3500,4500,0.159644
cake,4500,4000,4500,0.178784
cake,4500,4500,4500,0.198826
cake,4500,5000,4500,0.219468
cake,4500,5500,4500,0.237813
cake,4500,6000,4500,0.260219
cake,4500,6500,4500,0.277722
cake,4500,7000,4500,0.296409
cake,4500,7500,4500,0.314429
cake,4500,8000,4500,0.336469
cake,5000,1,5000,0.031465
cake,5000,10,5000,0.031861
cake,5000,50,5000,0.036782
cake,5000,100,5000,0.032752
cake,5000,500,5000,0.052227
cake,5000,1000,5000,0.074200
cake,5000,1500,5000,0.097519
cake,5000,2000,5000,0.122734
cake,5000,2500,5000,0.145969
cake,5000,3000,5000,0.169904
cake,5000,3500,5000,0.194113
cake,5000,4000,5000,0.217915
cake,5000,4500,5000,0.242653
cake,5000,5000,5000,0.265716
cake,5000,5500,5000,0.290487
cake,5000,6000,5000,0.313479
cake,5000,6500,5000,0.337875
cake,5000,7000,5000,0.359863
cake,5000,7500,5000,0.387610
cake,5000,8000,5000,0.409276
cake,5500,1,5500,0.039979
cake,5500,10,5500,0.039636
cake,5500,50,5500,0.039963
cake,5500,100,5500,0.040200
cake,5500,500,5500,0.063910
cake,5500,1000,5500,0.090108
cake,5500,1500,5500,0.118249
cake,5500,2000,5500,0.145906
cake,5500,2500,5500,0.174893
cake,5500,3000,5500,0.203745
cake,5500,3500,5500,0.232203
cake,5500,4000,5500,0.260553
cake,5500,4500,5500,0.290328
cake,5500,5000,5500,0.318773
cake,5500,5500,5500,0.345427
cake,5500,6000,5500,0.375211
cake,5500,6500,5500,0.509699
cake,5500,7000,5500,0.430335
cake,5500,7500,5500,0.460207
cake,5500,8000,5500,0.488913
cake,6000,1,6000,0.043798
cake,6000,10,6000,0.044917
cake,6000,50,6000,0.044675
cake,6000,100,6000,0.054339
cake,6000,500,6000,0.073094
cake,6000,1000,6000,0.105386
cake,6000,1500,6000,0.138628
cake,6000,2000,6000,0.174992
cake,6000,2500,6000,0.207673
cake,6000,3000,6000,0.240403
cake,6000,3500,6000,0.276523
cake,6000,4000,6000,0.309313
cake,6000,4500,6000,0.343303
cake,6000,5000,6000,0.379055
cake,6000,5500,6000,0.413624
cake,6000,6000,6000,0.446633
cake,6000,6500,6000,0.481285
cake,6000,7000,6000,0.511983
cake,6000,7500,6000,0.547682
cake,6000,8000,6000,0.582509
cake,6500,1,6500,0.053021
cake,6500,10,6500,0.052119
cake,6500,50,6500,0.053049
cake,6500,100,6500,0.054002
cake,6500,500,6500,0.084393
cake,6500,1000,6500,0.122014
cake,6500,1500,6500,0.162089
cake,6500,2000,6500,0.202241
cake,6500,2500,6500,0.242129
cake,6500,3000,6500,0.282385
cake,6500,3500,6500,0.323105
cake,6500,4000,6500,0.359747
cake,6500,4500,6500,0.399294
cake,6500,5000,6500,0.441530
cake,6500,5500,6500,0.479466
cake,6500,6000,6500,0.518987
cake,6500,6500,6500,0.601953
cake,6500,7000,6500,0.600354
cake,6500,7500,6500,0.641121
cake,6500,8000,6500,0.700048
cake,7000,1,7000,0.061976
cake,7000,10,7000,0.069935
cake,7000,50,7000,0.062399
cake,7000,100,7000,0.063860
cake,7000,500,7000,0.099975
cake,7000,1000,7000,0.142053
cake,7000,1500,7000,0.186823
cake,7000,2000,7000,0.234398
cake,7000,2500,7000,0.280710
cake,7000,3000,7000,0.323673
cake,7000,3500,7000,0.372503
cake,7000,4000,7000,0.420496
cake,7000,4500,7000,0.462119
cake,7000,5000,7000,0.506158
cake,7000,5500,7000,0.552737
cake,7000,6000,7000,0.597777
cake,7000,6500,7000,0.643605
cake,7000,7000,7000,0.732498
cake,7000,7500,7000,0.737648
cake,7000,8000,7000,0.781389
cake,7500,1,7500,0.067361
cake,7500,10,7500,0.067535
cake,7500,50,7500,0.068276
cake,7500,100,7500,0.069703
cake,7500,500,7500,0.112345
cake,7500,1000,7500,0.162449
cake,7500,1500,7500,0.237983
cake,7500,2000,7500,0.268097
cake,7500,2500,7500,0.324213
cake,7500,3000,7500,0.370240
cake,7500,3500,7500,0.426304
cake,7500,4000,7500,0.475301
cake,7500,4500,7500,0.533997
cake,7500,5000,7500,0.582775
cake,7500,5500,7500,0.770095
cake,7500,6000,7500,0.688686
cake,7500,6500,7500,0.741857
cake,7500,7000,7500,0.869752
cake,7500,7500,7500,0.848944
cake,7500,8000,7500,0.900992
cake,8000,1,8000,0.078109
cake,8000,10,8000,0.078037
cake,8000,50,8000,0.078644
cake,8000,100,8000,0.080844
cake,8000,500,8000,0.125316
cake,8000,1000,8000,0.182286
cake,8000,1500,8000,0.241300
cake,8000,2000,8000,0.300853
cake,8000,2500,8000,0.362124
cake,8000,3000,8000,0.424639
cake,8000,3500,8000,0.480621
cake,8000,4000,8000,0.540468
cake,8000,4500,8000,0.600293
cake,8000,5000,8000,0.791117
cake,8000,5500,8000,0.719127
cake,8000,6000,8000,0.778358
cake,8000,6500,8000,0.836583
cake,8000,7000,8000,0.898038
cake,8000,7500,8000,0.958104
cake,8000,8000,8000,1.019678
cake,500,1,250,0.000987
cake,500,10,250,0.000570
cake,500,50,250,0.000628
cake,500,100,250,0.000788
cake,500,500,250,0.000973
cake,500,1000,250,0.001494
cake,500,1500,250,0.001956
cake,500,2000,250,0.002731
cake,500,2500,250,0.002825
cake,500,3000,250,0.003094
cake,500,3500,250,0.003447
cake,500,4000,250,0.003659
cake,500,4500,250,0.004242
cake,500,5000,250,0.004732
cake,500,5500,250,0.004923
cake,500,6000,250,0.005346
cake,500,6500,250,0.005715
cake,500,7000,250,0.006262
cake,500,7500,250,0.006342
cake,500,8000,250,0.008459
cake,1000,1,500,0.001440
cake,1000,10,500,0.001455
cake,1000,50,500,0.001620
cake,1000,100,500,0.002198
cake,1000,500,500,0.002664
cake,1000,1000,500,0.003479
cake,1000,1500,500,0.004325
cake,1000,2000,500,0.004917
cake,1000,2500,500,0.005536
cake,1000,3000,500,0.006388
cake,1000,3500,500,0.007421
cake,1000,4000,500,0.010940
cake,1000,4500,500,0.010103
cake,1000,5000,500,0.009738
cake,1000,5500,500,0.010535
cake,1000,6000,500,0.012142
cake,1000,6500,500,0.012946
cake,1000,7000,500,0.014170
cake,1000,7500,500,0.013969
cake,1000,8000,500,0.015161
cake,1500,1,750,0.002669
cake,1500,10,750,0.002475
cake,1500,50,750,0.002586
cake,1500,100,750,0.002943
cake,1500,500,750,0.004299
cake,1500,1000,750,0.005374
cake,1500,1500,750,0.006719
cake,1500,2000,750,0.008318
cake,1500,2500,750,0.009594
cake,1500,3000,750,0.011090
cake,1500,3500,750,0.013014
cake,1500,4000,750,0.014418
cake,1500,4500,750,0.015509
cake,1500,5000,750,0.017538
cake,1500,5500,750,0.018355
cake,1500,6000,750,0.020403
cake,1500,6500,750,0.021262
cake,1500,7000,750,0.023622
cake,1500,7500,750,0.024366
cake,1500,8000,750,0.026592
cake,2000,1,1000,0.003942
cake,2000,10,1000,0.004499
cake,2000,50,1000,0.004781
cake,2000,100,1000,0.005032
cake,2000,500,1000,0.007715
cake,2000,1000,1000,0.008308
cake,2000,1500,1000,0.010710
cake,2000,2000,1000,0.013201
cake,2000,2500,1000,0.015823
cake,2000,3000,1000,0.017982
cake,2000,3500,1000,0.020411
cake,2000,4000,1000,0.022985
cake,2000,4500,1000,0.025792
cake,2000,5000,1000,0.027828
cake,2000,5500,1000,0.030429
cake,2000,6000,1000,0.032754
cake,2000,6500,1000,0.035659
cake,2000,7000,1000,0.037760
cake,2000,7500,1000,0.040367
cake,2000,8000,1000,0.042624
cake,2500,1,1250,0.007741
cake,2500,10,1250,0.006424
cake,2500,50,1250,0.005221
cake,2500,100,1250,0.007046
cake,2500,500,1250,0.009395
cake,2500,1000,1250,0.012283
cake,2500,1500,1250,0.015325
cake,2500,2000,1250,0.027334
cake,2500,2500,1250,0.022677
cake,2500,3000,1250,0.026139
cake,2500,3500,1250,0.029750
cake,2500,4000,1250,0.033138
cake,2500,4500,1250,0.036807
cake,2500,5000,1250,0.040062
cake,2500,5500,1250,0.043750
cake,2500,6000,1250,0.047341
cake,2500,6500,1250,0.050636
cake,2500,7000,1250,0.054401
cake,2500,7500,1250,0.057580
cake,2500,8000,1250,0.061092
cake,3000,1,1500,0.007609
cake,3000,10,1500,0.007410
cake,3000,50,1500,0.007735
cake,3000,100,1500,0.008103
cake,3000,500,1500,0.014902
cake,3000,1000,1500,0.015969
cake,3000,1500,1500,0.020835
cake,3000,2000,1500,0.025983
cake,3000,2500,1500,0.030894
cake,3000,3000,1500,0.035542
cake,3000,3500,1500,0.040650
cake,3000,4000,1500,0.045655
cake,3000,4500,1500,0.050888
cake,3000,5000,1500,0.055728
cake,3000,5500,1500,0.060393
cake,3000,6000,1500,0.065552
cake,3000,6500,1500,0.068993
cake,3000,7000,1500,0.075186
cake,3000,7500,1500,0.078527
cake,3000,8000,1500,0.084561
cake,3500,1,1750,0.009998
cake,3500,10,1750,0.010170
cake,3500,50,1750,0.010204
cake,3500,100,1750,0.010107
cake,3500,500,1750,0.015263
cake,3500,1000,1750,0.020960
cake,3500,1500,1750,0.027395
cake,3500,2000,1750,0.034410
cake,3500,2500,1750,0.040803
cake,3500,3000,1750,0.046845
cake,3500,3500,1750,0.053754
cake,3500,4000,1750,0.060193
cake,3500,4500,1750,0.066854
cake,3500,5000,1750,0.073581
cake,3500,5500,1750,0.083190
cake,3500,6000,1750,0.086395
cake,3500,6500,1750,0.092879
cake,3500,7000,1750,0.098827
cake,3500,7500,1750,0.105676
cake,3500,8000,1750,0.112145
cake,4000,1,2000,0.012087
cake,4000,10,2000,0.012503
cake,4000,50,2000,0.012910
cake,4000,100,2000,0.013558
cake,4000,500,2000,0.019609
cake,4000,1000,2000,0.027136
cake,4000,1500,2000,0.034894
cake,4000,2000,2000,0.043065
cake,4000,2500,2000,0.051179
cake,4000,3000,2000,0.059081
cake,4000,3500,2000,0.067843
cake,4000,4000,2000,0.075909
cake,4000,4500,2000,0.084463
cake,4000,5000,2000,0.092536
cake,4000,5500,2000,0.100401
cake,4000,6000,2000,0.108135
cake,4000,6500,2000,0.117002
cake,4000,7000,2000,0.124553
cake,4000,7500,2000,0.133499
cake,4000,8000,2000,0.141208
cake,4500,1,2250,0.014365
cake,4500,10,2250,0.014334
cake,4500,50,2250,0.015263
cake,4500,100,2250,0.015238
cake,4500,500,2250,0.022939
cake,4500,1000,2250,0.032987
cake,4500,1500,2250,0.042866
cake,4500,2000,2250,0.053401
cake,4500,2500,2250,0.063293
cake,4500,3000,2250,0.073429
cake,4500,3500,2250,0.086346
cake,4500,4000,2250,0.094948
cake,4500,4500,2250,0.104205
cake,4500,5000,2250,0.115371
cake,4500,5500,2250,0.124771
cake,4500,6000,2250,0.136060
cake,4500,6500,2250,0.145898
cake,4500,7000,2250,0.156131
cake,4500,7500,2250,0.164984
cake,4500,8000,2250,0.175865
cake,5000,1,2500,0.017607
cake,5000,10,2500,0.016906
cake,5000,50,2500,0.018480
cake,5000,100,2500,0.018668
cake,5000,500,2500,0.027969
cake,5000,1000,2500,0.040072
cake,5000,1500,2500,0.052261
cake,5000,2000,2500,0.064942
cake,5000,2500,2500,0.077170
cake,5000,3000,2500,0.091111
cake,5000,3500,2500,0.102269
cake,5000,4000,2500,0.114608
cake,5000,4500,2500,0.127579
cake,5000,5000,2500,0.139747
cake,5000,5500,2500,0.151415
cake,5000,6000,2500,0.164891
cake,5000,6500,2500,0.177250
cake,5000,7000,2500,0.188839
cake,5000,7500,2500,0.201407
cake,5000,8000,2500,0.215113
cake,5500,1,2750,0.021053
cake,5500,10,2750,0.021179
cake,5500,50,2750,0.021841
cake,5500,100,2750,0.021801
cake,5500,500,2750,0.033852
cake,5500,1000,2750,0.047584
cake,5500,1500,2750,0.061554
cake,5500,2000,2750,0.077412
cake,5500,2500,2750,0.092034
cake,5500,3000,2750,0.105736
cake,5500,3500,2750,0.121111
cake,5500,4000,2750,0.135741
cake,5500,4500,2750,0.150927
cake,5500,5000,2750,0.165271
cake,5500,5500,2750,0.179761
cake,5500,6000,2750,0.194949
cake,5500,6500,2750,0.209083
cake,5500,7000,2750,0.223965
cake,5500,7500,2750,0.239662
cake,5500,8000,2750,0.253783
cake,6000,1,3000,0.023104
cake,6000,10,3000,0.023737
cake,6000,50,3000,0.024437
cake,6000,100,3000,0.024496
cake,6000,500,3000,0.038365
cake,6000,1000,3000,0.055813
cake,6000,1500,3000,0.073104
cake,6000,2000,3000,0.091071
cake,6000,2500,3000,0.108873
cake,6000,3000,3000,0.126129
cake,6000,3500,3000,0.143993
cake,6000,4000,3000,0.161279
cake,6000,4500,3000,0.178468
cake,6000,5000,3000,0.266089
cake,6000,5500,3000,0.214712
cake,6000,6000,3000,0.231360
cake,6000,6500,3000,0.248885
cake,6000,7000,3000,0.266107
cake,6000,7500,3000,0.284358
cake,6000,8000,3000,0.301948
cake,6500,1,3250,0.026843
cake,6500,10,3250,0.027944
cake,6500,50,3250,0.027597
cake,6500,100,3250,0.028334
cake,6500,500,3250,0.044426
cake,6500,1000,3250,0.064110
cake,6500,1500,3250,0.085182
cake,6500,2000,3250,0.105416
cake,6500,2500,3250,0.125693
cake,6500,3000,3250,0.145552
cake,6500,3500,3250,0.165953
cake,6500,4000,3250,0.186332
cake,6500,4500,3250,0.207728
cake,6500,5000,3250,0.227938
cake,6500,5500,3250,0.248039
cake,6500,6000,3250,0.268891
cake,6500,6500,3250,0.291568
cake,6500,7000,3250,0.310520
cake,6500,7500,3250,0.330618
cake,6500,8000,3250,0.351247
cake,7000,1,3500,0.031934
cake,7000,10,3500,0.032796
cake,7000,50,3500,0.035405
cake,7000,100,3500,0.033224
cake,7000,500,3500,0.051508
cake,7000,1000,3500,0.075826
cake,7000,1500,3500,0.096908
cake,7000,2000,3500,0.120981
cake,7000,2500,3500,0.143334
cake,7000,3000,3500,0.207932
cake,7000,3500,3500,0.190847
cake,7000,4000,3500,0.214153
cake,7000,4500,3500,0.236432
cake,7000,5000,3500,0.261590
cake,7000,5500,3500,0.284779
cake,7000,6000,3500,0.307848
cake,7000,6500,3500,0.331862
cake,7000,7000,3500,0.355043
cake,7000,7500,3500,0.378483
cake,7000,8000,3500,0.402732
cake,7500,1,3750,0.035535
cake,7500,10,3750,0.036056
cake,7500,50,3750,0.036141
cake,7500,100,3750,0.037166
cake,7500,500,3750,0.057536
cake,7500,1000,3750,0.084062
cake,7500,1500,3750,0.110093
cake,7500,2000,3750,0.138439
cake,7500,2500,3750,0.164457
cake,7500,3000,3750,0.190651
cake,7500,3500,3750,0.218361
cake,7500,4000,3750,0.244467
cake,7500,4500,3750,0.270958
cake,7500,5000,3750,0.299214
cake,7500,5500,3750,0.324972
cake,7500,6000,3750,0.351807
cake,7500,6500,3750,0.378554
cake,7500,7000,3750,0.406407
cake,7500,7500,3750,0.435719
cake,7500,8000,3750,0.460378
cake,8000,1,4000,0.040196
cake,8000,10,4000,0.040780
cake,8000,50,4000,0.041149
cake,8000,100,4000,0.042100
cake,8000,500,4000,0.065169
cake,8000,1000,4000,0.094042
cake,8000,1500,4000,0.124591
cake,8000,2000,4000,0.156059
cake,8000,2500,4000,0.185065
cake,8000,3000,4000,0.214688
cake,8000,3500,4000,0.246653
cake,8000,4000,4000,0.337421
cake,8000,4500,4000,0.306052
cake,8000,5000,4000,0.336306
cake,8000,5500,4000,0.366938
cake,8000,6000,4000,0.396530
cake,8000,6500,4000,0.427453
cake,8000,7000,4000,0.457618
cake,8000,7500,4000,0.488150
cake,8000,8000,4000,0.518371
mkl,1000,1,250,0.022655
mkl,1000,10,250,0.022646
mkl,1000,50,250,0.021859
mkl,1000,100,250,0.032813
mkl,1000,500,250,0.022295
mkl,1000,1000,250,0.022668
mkl,1000,1500,250,0.023299
mkl,1000,2000,250,0.033660
mkl,1000,2500,250,0.022624
mkl,1000,3000,250,0.023416
mkl,1000,3500,250,0.023502
mkl,1000,4000,250,0.023668
mkl,1000,4500,250,0.023504
mkl,1000,5000,250,0.024172
mkl,1000,5500,250,0.024197
mkl,1000,6000,250,0.024924
mkl,1000,6500,250,0.028322
mkl,1000,7000,250,0.025074
mkl,1000,7500,250,0.028798
mkl,1000,8000,250,0.029047
mkl,2000,1,500,0.021879
mkl,2000,10,500,0.022475
mkl,2000,50,500,0.025769
mkl,2000,100,500,0.023720
mkl,2000,500,500,0.023273
mkl,2000,1000,500,0.023399
mkl,2000,1500,500,0.026746
mkl,2000,2000,500,0.028154
mkl,2000,2500,500,0.028546
mkl,2000,3000,500,0.028856
mkl,2000,3500,500,0.029368
mkl,2000,4000,500,0.029525
mkl,2000,4500,500,0.031810
mkl,2000,5000,500,0.030276
mkl,2000,5500,500,0.034416
mkl,2000,6000,500,0.035557
mkl,2000,6500,500,0.036075
mkl,2000,7000,500,0.037492
mkl,2000,7500,500,0.036112
mkl,2000,8000,500,0.036396
mkl,3000,1,750,0.023899
mkl,3000,10,750,0.021913
mkl,3000,50,750,0.024785
mkl,3000,100,750,0.023874
mkl,3000,500,750,0.024596
mkl,3000,1000,750,0.029215
mkl,3000,1500,750,0.031101
mkl,3000,2000,750,0.033811
mkl,3000,2500,750,0.034695
mkl,3000,3000,750,0.035451
mkl,3000,3500,750,0.039763
mkl,3000,4000,750,0.039904
mkl,3000,4500,750,0.040379
mkl,3000,5000,750,0.046062
mkl,3000,5500,750,0.046118
mkl,3000,6000,750,0.051505
mkl,3000,6500,750,0.050690
mkl,3000,7000,750,0.052853
mkl,3000,7500,750,0.054601
mkl,3000,8000,750,0.057047
mkl,4000,1,1000,0.026106
mkl,4000,10,1000,0.024933
mkl,4000,50,1000,0.024565
mkl,4000,100,1000,0.026589
mkl,4000,500,1000,0.028698
mkl,4000,1000,1000,0.035220
mkl,4000,1500,1000,0.033179
mkl,4000,2000,1000,0.036104
mkl,4000,2500,1000,0.041283
mkl,4000,3000,1000,0.044878
mkl,4000,3500,1000,0.046456
mkl,4000,4000,1000,0.052833
mkl,4000,4500,1000,0.056032
mkl,4000,5000,1000,0.056901
mkl,4000,5500,1000,0.061556
mkl,4000,6000,1000,0.067010
mkl,4000,6500,1000,0.067971
mkl,4000,7000,1000,0.072186
mkl,4000,7500,1000,0.077246
mkl,4000,8000,1000,0.078840
mkl,5000,1,1250,0.023609
mkl,5000,10,1250,0.025027
mkl,5000,50,1250,0.023811
mkl,5000,100,1250,0.025432
mkl,5000,500,1250,0.033356
mkl,5000,1000,1250,0.036594
mkl,5000,1500,1250,0.041236
mkl,5000,2000,1250,0.046161
mkl,5000,2500,1250,0.051005
mkl,5000,3000,1250,0.055808
mkl,5000,3500,1250,0.062140
mkl,5000,4000,1250,0.069403
mkl,5000,4500,1250,0.072193
mkl,5000,5000,1250,0.081809
mkl,5000,5500,1250,0.086378
mkl,5000,6000,1250,0.092151
mkl,5000,6500,1250,0.096250
mkl,5000,7000,1250,0.102478
mkl,5000,7500,1250,0.108299
mkl,5000,8000,1250,0.176760
mkl,6000,1,1500,0.024743
mkl,6000,10,1500,0.024145
mkl,6000,50,1500,0.027578
mkl,6000,100,1500,0.024680
mkl,6000,500,1500,0.030495
mkl,6000,1000,1500,0.039515
mkl,6000,1500,1500,0.047185
mkl,6000,2000,1500,0.058176
mkl,6000,2500,1500,0.064127
mkl,6000,3000,1500,0.073051
mkl,6000,3500,1500,0.079681
mkl,6000,4000,1500,0.089988
mkl,6000,4500,1500,0.097223
mkl,6000,5000,1500,0.104814
mkl,6000,5500,1500,0.114118
mkl,6000,6000,1500,0.121705
mkl,6000,6500,1500,0.129793
mkl,6000,7000,1500,0.135588
mkl,6000,7500,1500,0.146029
mkl,6000,8000,1500,0.151921
mkl,7000,1,1750,0.026924
mkl,7000,10,1750,0.027538
mkl,7000,50,1750,0.026450
mkl,7000,100,1750,0.027593
mkl,7000,500,1750,0.037518
mkl,7000,1000,1750,0.047092
mkl,7000,1500,1750,0.058372
mkl,7000,2000,1750,0.069380
mkl,7000,2500,1750,0.080213
mkl,7000,3000,1750,0.090743
mkl,7000,3500,1750,0.102519
mkl,7000,4000,1750,0.116253
mkl,7000,4500,1750,0.122871
mkl,7000,5000,1750,0.135114
mkl,7000,5500,1750,0.147432
mkl,7000,6000,1750,0.160109
mkl,7000,6500,1750,0.165829
mkl,7000,7000,1750,0.179217
mkl,7000,7500,1750,0.193917
mkl,7000,8000,1750,0.202797
mkl,8000,1,2000,0.023638
mkl,8000,10,2000,0.027250
mkl,8000,50,2000,0.027048
mkl,8000,100,2000,0.029443
mkl,8000,500,2000,0.042741
mkl,8000,1000,2000,0.055828
mkl,8000,1500,2000,0.067686
mkl,8000,2000,2000,0.081185
mkl,8000,2500,2000,0.096533
mkl,8000,3000,2000,0.109658
mkl,8000,3500,2000,0.123107
mkl,8000,4000,2000,0.136493
mkl,8000,4500,2000,0.152203
mkl,8000,5000,2000,0.166209
mkl,8000,5500,2000,0.183936
mkl,8000,6000,2000,0.194516
mkl,8000,6500,2000,0.209127
mkl,8000,7000,2000,0.220108
mkl,8000,7500,2000,0.237550
mkl,8000,8000,2000,0.248202
mkl,1000,1,125,0.024468
mkl,1000,10,125,0.022630
mkl,1000,50,125,0.022172
mkl,1000,100,125,0.028408
mkl,1000,500,125,0.023296
mkl,1000,1000,125,0.023147
mkl,1000,1500,125,0.024039
mkl,1000,2000,125,0.024407
mkl,1000,2500,125,0.025080
mkl,1000,3000,125,0.024849
mkl,1000,3500,125,0.022380
mkl,1000,4000,125,0.022734
mkl,1000,4500,125,0.023199
mkl,1000,5000,125,0.023778
mkl,1000,5500,125,0.024220
mkl,1000,6000,125,0.025063
mkl,1000,6500,125,0.025272
mkl,1000,7000,125,0.025994
mkl,1000,7500,125,0.026543
mkl,1000,8000,125,0.025282
mkl,2000,1,250,0.020966
mkl,2000,10,250,0.023198
mkl,2000,50,250,0.024968
mkl,2000,100,250,0.024851
mkl,2000,500,250,0.023302
mkl,2000,1000,250,0.025159
mkl,2000,1500,250,0.025810
mkl,2000,2000,250,0.026759
mkl,2000,2500,250,0.025346
mkl,2000,3000,250,0.027543
mkl,2000,3500,250,0.026383
mkl,2000,4000,250,0.026952
mkl,2000,4500,250,0.028395
mkl,2000,5000,250,0.029616
mkl,2000,5500,250,0.026508
mkl,2000,6000,250,0.028215
mkl,2000,6500,250,0.028812
mkl,2000,7000,250,0.030772
mkl,2000,7500,250,0.031463
mkl,2000,8000,250,0.032300
mkl,3000,1,375,0.021867
mkl,3000,10,375,0.022399
mkl,3000,50,375,0.025564
mkl,3000,100,375,0.023992
mkl,3000,500,375,0.024259
mkl,3000,1000,375,0.025955
mkl,3000,1500,375,0.028297
mkl,3000,2000,375,0.026068
mkl,3000,2500,375,0.026796
mkl,3000,3000,375,0.028878
mkl,3000,3500,375,0.031057
mkl,3000,4000,375,0.032437
mkl,3000,4500,375,0.034226
mkl,3000,5000,375,0.035556
mkl,3000,5500,375,0.033299
mkl,3000,6000,375,0.036019
mkl,3000,6500,375,0.037830
mkl,3000,7000,375,0.042448
mkl,3000,7500,375,0.040865
mkl,3000,8000,375,0.038687
mkl,4000,1,500,0.023676
mkl,4000,10,500,0.021574
mkl,4000,50,500,0.025224
mkl,4000,100,500,0.023258
mkl,4000,500,500,0.026128
mkl,4000,1000,500,0.027072
mkl,4000,1500,500,0.030617
mkl,4000,2000,500,0.032369
mkl,4000,2500,500,0.031500
mkl,4000,3000,500,0.032601
mkl,4000,3500,500,0.035107
mkl,4000,4000,500,0.037234
mkl,4000,4500,500,0.040722
mkl,4000,5000,500,0.045471
mkl,4000,5500,500,0.041262
mkl,4000,6000,500,0.043627
mkl,4000,6500,500,0.045764
mkl,4000,7000,500,0.048502
mkl,4000,7500,500,0.050434
mkl,4000,8000,500,0.053140
mkl,5000,1,625,0.023533
mkl,5000,10,625,0.021941
mkl,5000,50,625,0.024594
mkl,5000,100,625,0.026233
mkl,5000,500,625,0.025669
mkl,5000,1000,625,0.030142
mkl,5000,1500,625,0.032517
mkl,5000,2000,625,0.037289
mkl,5000,2500,625,0.040244
mkl,5000,3000,625,0.040236
mkl,5000,3500,625,0.045049
mkl,5000,4000,625,0.050561
mkl,5000,4500,625,0.046917
mkl,5000,5000,625,0.053052
mkl,5000,5500,625,0.055728
mkl,5000,6000,625,0.056024
mkl,5000,6500,625,0.058775
mkl,5000,7000,625,0.065229
mkl,5000,7500,625,0.066309
mkl,5000,8000,625,0.067980
mkl,6000,1,750,0.022404
mkl,6000,10,750,0.025525
mkl,6000,50,750,0.023699
mkl,6000,100,750,0.025777
mkl,6000,500,750,0.027083
mkl,6000,1000,750,0.031790
mkl,6000,1500,750,0.034938
mkl,6000,2000,750,0.038769
mkl,6000,2500,750,0.043047
mkl,6000,3000,750,0.047849
mkl,6000,3500,750,0.055095
mkl,6000,4000,750,0.057515
mkl,6000,4500,750,0.061824
mkl,6000,5000,750,0.064233
mkl,6000,5500,750,0.105409
mkl,6000,6000,750,0.072988
mkl,6000,6500,750,0.079274
mkl,6000,7000,750,0.083990
mkl,6000,7500,750,0.088226
mkl,6000,8000,750,0.090425
mkl,7000,1,875,0.022903
mkl,7000,10,875,0.025846
mkl,7000,50,875,0.030396
mkl,7000,100,875,0.025615
mkl,7000,500,875,0.028770
mkl,7000,1000,875,0.035455
mkl,7000,1500,875,0.042027
mkl,7000,2000,875,0.047770
mkl,7000,2500,875,0.056063
mkl,7000,3000,875,0.058123
mkl,7000,3500,875,0.067860
mkl,7000,4000,875,0.068670
mkl,7000,4500,875,0.077071
mkl,7000,5000,875,0.081315
mkl,7000,5500,875,0.088216
mkl,7000,6000,875,0.093780
mkl,7000,6500,875,0.152533
mkl,7000,7000,875,0.103916
mkl,7000,7500,875,0.110624
mkl,7000,8000,875,0.118011
mkl,8000,1,1000,0.025401
mkl,8000,10,1000,0.024264
mkl,8000,50,1000,0.026851
mkl,8000,100,1000,0.027581
mkl,8000,500,1000,0.030773
mkl,8000,1000,1000,0.038404
mkl,8000,1500,1000,0.046261
mkl,8000,2000,1000,0.054897
mkl,8000,2500,1000,0.060491
mkl,8000,3000,1000,0.067235
mkl,8000,3500,1000,0.074659
mkl,8000,4000,1000,0.083148
mkl,8000,4500,1000,0.087911
mkl,8000,5000,1000,0.096928
mkl,8000,5500,1000,0.105421
mkl,8000,6000,1000,0.111231
mkl,8000,6500,1000,0.118938
mkl,8000,7000,1000,0.124486
mkl,8000,7500,1000,0.134430
mkl,8000,8000,1000,0.140681
cake,1000,1,250,0.000944
cake,1000,10,250,0.000967
cake,1000,50,250,0.001045
cake,1000,100,250,0.001244
cake,1000,500,250,0.001436
cake,1000,1000,250,0.001917
cake,1000,1500,250,0.002450
cake,1000,2000,250,0.003256
cake,1000,2500,250,0.003619
cake,1000,3000,250,0.004104
cake,1000,3500,250,0.004601
cake,1000,4000,250,0.005274
cake,1000,4500,250,0.005919
cake,1000,5000,250,0.006073
cake,1000,5500,250,0.006394
cake,1000,6000,250,0.007597
cake,1000,6500,250,0.008193
cake,1000,7000,250,0.008832
cake,1000,7500,250,0.008797
cake,1000,8000,250,0.009335
cake,2000,1,500,0.002101
cake,2000,10,500,0.002880
cake,2000,50,500,0.002811
cake,2000,100,500,0.002862
cake,2000,500,500,0.004243
cake,2000,1000,500,0.005373
cake,2000,1500,500,0.006891
cake,2000,2000,500,0.008321
cake,2000,2500,500,0.009272
cake,2000,3000,500,0.010967
cake,2000,3500,500,0.012636
cake,2000,4000,500,0.013697
cake,2000,4500,500,0.015463
cake,2000,5000,500,0.016970
cake,2000,5500,500,0.018244
cake,2000,6000,500,0.019815
cake,2000,6500,500,0.021159
cake,2000,7000,500,0.030571
cake,2000,7500,500,0.024457
cake,2000,8000,500,0.025801
cake,3000,1,750,0.005027
cake,3000,10,750,0.005195
cake,3000,50,750,0.004840
cake,3000,100,750,0.005882
cake,3000,500,750,0.007150
cake,3000,1000,750,0.009636
cake,3000,1500,750,0.011932
cake,3000,2000,750,0.015088
cake,3000,2500,750,0.017843
cake,3000,3000,750,0.029147
cake,3000,3500,750,0.033952
cake,3000,4000,750,0.026168
cake,3000,4500,750,0.028905
cake,3000,5000,750,0.045694
cake,3000,5500,750,0.034878
cake,3000,6000,750,0.037751
cake,3000,6500,750,0.038891
cake,3000,7000,750,0.043338
cake,3000,7500,750,0.044527
cake,3000,8000,750,0.048778
cake,4000,1,1000,0.007377
cake,4000,10,1000,0.007417
cake,4000,50,1000,0.008345
cake,4000,100,1000,0.007206
cake,4000,500,1000,0.011329
cake,4000,1000,1000,0.015603
cake,4000,1500,1000,0.019711
cake,4000,2000,1000,0.024276
cake,4000,2500,1000,0.028663
cake,4000,3000,1000,0.033120
cake,4000,3500,1000,0.039675
cake,4000,4000,1000,0.042372
cake,4000,4500,1000,0.046891
cake,4000,5000,1000,0.051458
cake,4000,5500,1000,0.085007
cake,4000,6000,1000,0.060454
cake,4000,6500,1000,0.099707
cake,4000,7000,1000,0.069066
cake,4000,7500,1000,0.073619
cake,4000,8000,1000,0.078052
cake,5000,1,1250,0.010696
cake,5000,10,1250,0.010745
cake,5000,50,1250,0.010338
cake,5000,100,1250,0.011575
cake,5000,500,1250,0.015946
cake,5000,1000,1250,0.021957
cake,5000,1500,1250,0.028664
cake,5000,2000,1250,0.035765
cake,5000,2500,1250,0.042064
cake,5000,3000,1250,0.049018
cake,5000,3500,1250,0.055675
cake,5000,4000,1250,0.062409
cake,5000,4500,1250,0.069366
cake,5000,5000,1250,0.076156
cake,5000,5500,1250,0.081978
cake,5000,6000,1250,0.092813
cake,5000,6500,1250,0.095701
cake,5000,7000,1250,0.102166
cake,5000,7500,1250,0.109124
cake,5000,8000,1250,0.146703
cake,6000,1,1500,0.013037
cake,6000,10,1500,0.013418
cake,6000,50,1500,0.013221
cake,6000,100,1500,0.014450
cake,6000,500,1500,0.020910
cake,6000,1000,1500,0.030259
cake,6000,1500,1500,0.039927
cake,6000,2000,1500,0.049390
cake,6000,2500,1500,0.058519
cake,6000,3000,1500,0.067709
cake,6000,3500,1500,0.077034
cake,6000,4000,1500,0.086807
cake,6000,4500,1500,0.096523
cake,6000,5000,1500,0.105092
cake,6000,5500,1500,0.114351
cake,6000,6000,1500,0.123263
cake,6000,6500,1500,0.133414
cake,6000,7000,1500,0.141800
cake,6000,7500,1500,0.151896
cake,6000,8000,1500,0.160488
cake,7000,1,1750,0.017497
cake,7000,10,1750,0.017877
cake,7000,50,1750,0.017958
cake,7000,100,1750,0.018809
cake,7000,500,1750,0.028061
cake,7000,1000,1750,0.040245
cake,7000,1500,1750,0.052501
cake,7000,2000,1750,0.064882
cake,7000,2500,1750,0.077470
cake,7000,3000,1750,0.089527
cake,7000,3500,1750,0.101909
cake,7000,4000,1750,0.113909
cake,7000,4500,1750,0.127006
cake,7000,5000,1750,0.138872
cake,7000,5500,1750,0.151048
cake,7000,6000,1750,0.163918
cake,7000,6500,1750,0.176044
cake,7000,7000,1750,0.188593
cake,7000,7500,1750,0.201316
cake,7000,8000,1750,0.213802
cake,8000,1,2000,0.022213
cake,8000,10,2000,0.022087
cake,8000,50,2000,0.022166
cake,8000,100,2000,0.024236
cake,8000,500,2000,0.035360
cake,8000,1000,2000,0.050815
cake,8000,1500,2000,0.066357
cake,8000,2000,2000,0.082176
cake,8000,2500,2000,0.097726
cake,8000,3000,2000,0.113966
cake,8000,3500,2000,0.171803
cake,8000,4000,2000,0.145618
cake,8000,4500,2000,0.162067
cake,8000,5000,2000,0.177368
cake,8000,5500,2000,0.193874
cake,8000,6000,2000,0.208321
cake,8000,6500,2000,0.225803
cake,8000,7000,2000,0.240921
cake,8000,7500,2000,0.257109
cake,8000,8000,2000,0.273564
cake,1000,1,125,0.000494
cake,1000,10,125,0.000520
cake,1000,50,125,0.000604
cake,1000,100,125,0.000834
cake,1000,500,125,0.001042
cake,1000,1000,125,0.001363
cake,1000,1500,125,0.002093
cake,1000,2000,125,0.002330
cake,1000,2500,125,0.002399
cake,1000,3000,125,0.003025
cake,1000,3500,125,0.003438
cake,1000,4000,125,0.003747
cake,1000,4500,125,0.004247
cake,1000,5000,125,0.004156
cake,1000,5500,125,0.004523
cake,1000,6000,125,0.005333
cake,1000,6500,125,0.005773
cake,1000,7000,125,0.006263
cake,1000,7500,125,0.006224
cake,1000,8000,125,0.006589
cake,2000,1,250,0.001622
cake,2000,10,250,0.001635
cake,2000,50,250,0.001637
cake,2000,100,250,0.001961
cake,2000,500,250,0.002783
cake,2000,1000,250,0.003501
cake,2000,1500,250,0.004416
cake,2000,2000,250,0.005427
cake,2000,2500,250,0.006236
cake,2000,3000,250,0.007272
cake,2000,3500,250,0.008992
cake,2000,4000,250,0.009064
cake,2000,4500,250,0.010231
cake,2000,5000,250,0.011042
cake,2000,5500,250,0.012202
cake,2000,6000,250,0.013113
cake,2000,6500,250,0.014140
cake,2000,7000,250,0.015188
cake,2000,7500,250,0.015988
cake,2000,8000,250,0.016912
cake,3000,1,375,0.002750
cake,3000,10,375,0.002617
cake,3000,50,375,0.002926
cake,3000,100,375,0.003197
cake,3000,500,375,0.004972
cake,3000,1000,375,0.005808
cake,3000,1500,375,0.007780
cake,3000,2000,375,0.009374
cake,3000,2500,375,0.011040
cake,3000,3000,375,0.012870
cake,3000,3500,375,0.015067
cake,3000,4000,375,0.016131
cake,3000,4500,375,0.018371
cake,3000,5000,375,0.020008
cake,3000,5500,375,0.022229
cake,3000,6000,375,0.023782
cake,3000,6500,375,0.024132
cake,3000,7000,375,0.026619
cake,3000,7500,375,0.027309
cake,3000,8000,375,0.030601
cake,4000,1,500,0.005485
cake,4000,10,500,0.005532
cake,4000,50,500,0.005482
cake,4000,100,500,0.006233
cake,4000,500,500,0.007479
cake,4000,1000,500,0.009580
cake,4000,1500,500,0.012293
cake,4000,2000,500,0.014974
cake,4000,2500,500,0.024503
cake,4000,3000,500,0.020742
cake,4000,3500,500,0.023358
cake,4000,4000,500,0.026026
cake,4000,4500,500,0.028588
cake,4000,5000,500,0.031555
cake,4000,5500,500,0.034673
cake,4000,6000,500,0.036717
cake,4000,6500,500,0.039655
cake,4000,7000,500,0.042241
cake,4000,7500,500,0.044595
cake,4000,8000,500,0.047976
cake,5000,1,625,0.006785
cake,5000,10,625,0.007394
cake,5000,50,625,0.007508
cake,5000,100,625,0.008604
cake,5000,500,625,0.009977
cake,5000,1000,625,0.013556
cake,5000,1500,625,0.017572
cake,5000,2000,625,0.021314
cake,5000,2500,625,0.025508
cake,5000,3000,625,0.029400
cake,5000,3500,625,0.033284
cake,5000,4000,625,0.037206
cake,5000,4500,625,0.041163
cake,5000,5000,625,0.045091
cake,5000,5500,625,0.048891
cake,5000,6000,625,0.052866
cake,5000,6500,625,0.056968
cake,5000,7000,625,0.060669
cake,5000,7500,625,0.064376
cake,5000,8000,625,0.068375
cake,6000,1,750,0.008808
cake,6000,10,750,0.007468
cake,6000,50,750,0.009033
cake,6000,100,750,0.009574
cake,6000,500,750,0.013218
cake,6000,1000,750,0.017779
cake,6000,1500,750,0.023022
cake,6000,2000,750,0.028370
cake,6000,2500,750,0.033782
cake,6000,3000,750,0.038851
cake,6000,3500,750,0.044444
cake,6000,4000,750,0.049602
cake,6000,4500,750,0.054911
cake,6000,5000,750,0.059977
cake,6000,5500,750,0.065213
cake,6000,6000,750,0.070730
cake,6000,6500,750,0.076123
cake,6000,7000,750,0.080884
cake,6000,7500,750,0.086156
cake,6000,8000,750,0.091821
cake,7000,1,875,0.010787
cake,7000,10,875,0.011197
cake,7000,50,875,0.011616
cake,7000,100,875,0.011649
cake,7000,500,875,0.016634
cake,7000,1000,875,0.023303
cake,7000,1500,875,0.030218
cake,7000,2000,875,0.037093
cake,7000,2500,875,0.043918
cake,7000,3000,875,0.050788
cake,7000,3500,875,0.057965
cake,7000,4000,875,0.064629
cake,7000,4500,875,0.071249
cake,7000,5000,875,0.078033
cake,7000,5500,875,0.084419
cake,7000,6000,875,0.091717
cake,7000,6500,875,0.102103
cake,7000,7000,875,0.105400
cake,7000,7500,875,0.111939
cake,7000,8000,875,0.118794
cake,8000,1,1000,0.013675
cake,8000,10,1000,0.013574
cake,8000,50,1000,0.014153
cake,8000,100,1000,0.014824
cake,8000,500,1000,0.020480
cake,8000,1000,1000,0.029087
cake,8000,1500,1000,0.037748
cake,8000,2000,1000,0.046275
cake,8000,2500,1000,0.055207
cake,8000,3000,1000,0.063678
cake,8000,3500,1000,0.072550
cake,8000,4000,1000,0.081219
cake,8000,4500,1000,0.089469
cake,8000,5000,1000,0.098613
cake,8000,5500,1000,0.166945
cake,8000,6000,1000,0.115522
cake,8000,6500,1000,0.124485
cake,8000,7000,1000,0.133053
cake,8000,7500,1000,0.142441
cake,8000,8000,1000,0.175484
