algo,p,size,time
mkl,1,1000,0.040642
mkl,2,1000,0.031411
mkl,3,1000,0.027164
mkl,4,1000,0.028397
mkl,5,1000,0.025115
mkl,6,1000,0.025174
mkl,7,1000,0.025221
mkl,8,1000,0.025363
mkl,9,1000,0.025153
mkl,10,1000,0.025674
mkl,1,1500,0.074508
mkl,2,1500,0.050052
mkl,3,1500,0.041433
mkl,4,1500,0.039094
mkl,5,1500,0.035405
mkl,6,1500,0.032492
mkl,7,1500,0.032677
mkl,8,1500,0.029705
mkl,9,1500,0.029424
mkl,10,1500,0.028727
mkl,1,2000,0.140437
mkl,2,2000,0.083344
mkl,3,2000,0.064099
mkl,4,2000,0.057491
mkl,5,2000,0.050621
mkl,6,2000,0.044959
mkl,7,2000,0.041909
mkl,8,2000,0.039168
mkl,9,2000,0.038132
mkl,10,2000,0.036358
mkl,1,2500,0.254272
mkl,2,2500,0.142783
mkl,3,2500,0.102604
mkl,4,2500,0.086584
mkl,5,2500,0.075271
mkl,6,2500,0.064892
mkl,7,2500,0.063342
mkl,8,2500,0.056137
mkl,9,2500,0.053355
mkl,10,2500,0.052039
mkl,1,3000,0.413858
mkl,2,3000,0.220408
mkl,3,3000,0.156096
mkl,4,3000,0.124491
mkl,5,3000,0.106651
mkl,6,3000,0.093071
mkl,7,3000,0.089816
mkl,8,3000,0.077701
mkl,9,3000,0.076826
mkl,10,3000,0.072965
cake,1,1000,0.027901
cake,2,1000,0.013348
cake,3,1000,0.009871
cake,4,1000,0.008582
cake,5,1000,0.007578
cake,6,1000,0.006213
cake,7,1000,0.006233
cake,8,1000,0.006251
cake,9,1000,0.005614
cake,10,1000,0.005117
cake,1,1500,0.067548
cake,2,1500,0.036100
cake,3,1500,0.026030
cake,4,1500,0.021206
cake,5,1500,0.017217
cake,6,1500,0.015977
cake,7,1500,0.013753
cake,8,1500,0.012720
cake,9,1500,0.011616
cake,10,1500,0.010417
cake,1,2000,0.148038
cake,2,2000,0.079852
cake,3,2000,0.056129
cake,4,2000,0.044424
cake,5,2000,0.037257
cake,6,2000,0.032243
cake,7,2000,0.028626
cake,8,2000,0.026107
cake,9,2000,0.024174
cake,10,2000,0.022745
cake,1,2500,0.279968
cake,2,2500,0.147253
cake,3,2500,0.103181
cake,4,2500,0.081286
cake,5,2500,0.067709
cake,6,2500,0.058098
cake,7,2500,0.051258
cake,8,2500,0.047006
cake,9,2500,0.042303
cake,10,2500,0.039682
cake,1,3000,0.469163
cake,2,3000,0.244000
cake,3,3000,0.170984
cake,4,3000,0.132883
cake,5,3000,0.110152
cake,6,3000,0.094945
cake,7,3000,0.083362
cake,8,3000,0.075193
cake,9,3000,0.068827
cake,10,3000,0.064434
